3.00	10715	98.275	16.621	40147	3648.35
3.05	10896.6	98.322	16.409	40365	3653.981
3.10	11084.6	98.273	16.195	40403.5	3655.534
3.15	11272.7	98.224	15.988	40441.9	3657.184
3.20	11461	98.176	15.789	40480	3658.738
3.25	11694.3	98.127	15.597	40517.9	3660.388
3.30	11837.7	98.08	15.412	40555.5	3661.942
3.35	12026.3	98.032	15.233	40593	3663.495
3.40	12214.9	97.985	15.061	40630.2	3665.049
3.45	12403.3	97.938	14.894	40667.2	3666.602
3.50	12592.4	97.892	14.733	40703.9	3668.155
3.55	12781.2	97.847	14.577	40740.3	3669.709
3.60	12970.1	97.802	14.427	40776.3	3671.165
3.65	13159.1	97.757	14.281	40812.1	3672.621
3.70	13348.1	97.713	14.14	40847.7	3674.175
3.75	13537.3	97.669	14.003	40883.2	3675.631
3.80	13726.5	97.624	13.871	40918.5	3677.087
3.85	13915.8	97.58	13.743	40953.6	3678.544
3.90	14105.2	97.536	13.619	40988.6	3680
3.95	14294.7	97.492	13.499	41023.4	3681.456
4.00	14484.2	97.449	13.383	41058.2	3682.816
4.05	14673.9	97.487	13.27	41245.5	3687.573
4.10	14863.6	97.438	13.16	41270	3688.738
4.15	15053.4	97.39	13.054	41294.8	3689.903
4.20	15243.3	97.342	12.95	41319.7	3691.068
4.25	15433.3	97.294	12.85	41344.9	3692.233
4.30	15623.3	97.246	12.753	41370.3	3693.398
4.35	15813.5	97.199	12.659	41396	3694.563
4.40	16003.7	97.152	12.567	41421.9	3695.728
4.45	16194	97.105	12.478	41448	3696.99
4.50	16384.3	97.059	12.392	41474.3	3698.155
4.55	16574.8	97.013	12.308	41500.8	3699.32
4.60	16765.3	96.967	12.227	41527.4	3700.485
4.65	16955.8	96.922	12.148	41554.3	3701.65
4.70	17146.5	96.877	12.071	41581.5	3702.816
4.75	17337.2	96.832	11.996	41609	3703.981
4.80	17528	96.788	11.924	41636.7	3705.243
4.85	17718.9	96.744	11.853	41664.7	3706.408
4.90	17909.8	96.7	11.785	41693	3707.573
4.95	18100.8	96.657	11.718	41721.6	3708.738
5.00	18291.9	96.614	11.653	41750.4	3710
5.05	18483	96.646	11.59	41906.9	3713.883
5.10	18674.2	96.602	11.629	41920.9	3714.757
5.15	18865.5	96.558	11.469	41936.2	3715.631
5.20	19056.8	96.515	11.411	41952.6	3716.505
5.25	19248.2	96.471	11.355	41970.3	3717.476
5.30	19439.7	96.428	11.3	41989.1	3718.35
5.35	19631.2	96.385	11.247	42009.1	3719.32
5.40	19822.8	96.341	11.195	42030.2	3720.291
5.45	20014.4	96.298	11.145	42052.5	3721.359
5.50	20206.1	96.255	11.096	42075.9	3722.33
5.55	20397.9	96.213	11.048	42100.4	3723.398
5.60	20589.7	96.17	11.002	42126	3724.563
5.65	20781.5	96.128	10.957	42152.7	3725.631
5.70	20973.5	96.085	10.914	42180.5	3726.796
5.75	21165.5	96.043	10.871	42209.2	3727.864
5.80	21357.5	96.001	10.83	42239.1	3729.029
5.85	21549.6	95.959	10.79	42269.9	3730.291
5.90	21741.8	95.917	10.751	42301.7	3731.456
5.95	21934	95.875	10.713	42334.6	3732.718
6.00	22126.3	95.832	10.676	42368.4	3733.981
6.05	22318.5	95.829	10.64	42475.7	3736.796
6.10	22510.8	95.784	10.606	42514.4	3738.155
6.15	22703.2	95.739	10.572	42553.4	3739.515
6.20	22895.6	95.694	10.539	42592.7	3740.971
6.25	23088.9	95.65	10.507	42632.3	3742.33
6.30	23280.9	95.605	10.476	42672.2	3743.689
6.35	23473.7	95.561	10.446	42712.6	3745.049
6.40	23666.6	95.516	10.417	42753.5	3746.505
6.45	23859.7	95.472	10.389	42794.9	3747.961
6.50	24052.8	95.428	10.361	42836.9	3749.32
6.55	24246	95.384	10.335	42878	3750.777
6.60	24439.3	95.34	10.309	42918.6	3752.136
6.65	24632.7	95.296	10.284	42960.5	3753.592
6.70	24882.6395.252	10.26	43003.7	3755.049
6.75	25020.1	95.207	10.236	43048.2	3756.505
6.80	25214	95.163	10.213	43094.2	3758.058
6.85	25408.1	95.117	10.191	43141.6	3759.612
6.90	25602.4	95.072	10.17	43190.5	3761.165
6.95	25796.9	95.026	10.149	43241	3762.816
7.00	25991.6	94.979	10.129	43293	3764.466
7.05	26177.2	94.944	10.111	43387.4	3766.99
7.10	26371.9	94.894	10.092	43445	3768.738
7.15	25556.6	94.843	10.074	43503.4	3770.583
7.20	26761.4	94.793	10.056	43562.5	3772.33
7.25	26955.9	94.742	10.039	43622.4	3774.175
7.30	27147.9	94.691	10.023	43683	3776.019
7.35	27346.4	94.682	10.007	43667.2	3776.019
7.40	27541.6	94.614	9.991	43761.1	3778.641
7.45	27736.9	94.558	9.977	43832.7	3780.777
7.50	27932.2	94.503	9.963	43901.1	3782.816
7.55	28127.6	94.45	9.949	43967.6	3784.757
7.60	28323.1	94.397	9.936	44034.1	3786.699
7.65	28518.6	94.343	9.924	44102	3788.738
7.70	28714.2	94.289	9.912	44171	3790.777
7.75	28909.8	94.235	9.9	44241	3792.816
7.80	29105.5	94.181	9.889	44312.1	3794.854
7.85	29301.2	94.126	9.879	44384	3796.99
7.90	29497	94.072	9.869	44456.9	3799.029
7.95	29692.9	94.017	9.859	44530.7	3801.165
8.00	29888.8	93.963	9.85	44605.2	3803.398
8.05	30074.5	93.915	9.844	44720.8	3806.408
8.10	30270.8	93.858	9.835	44797.1	3808.544
8.15	30467.3	93.801	9.828	44874	3810.777
8.20	30663.8	93.745	9.82	44951.4	3813.01
8.25	30860.5	93.688	9.814	45029.3	3815.243
8.30	31057.2	93.632	9.807	45107.6	3817.476
8.35	31254.1	93.576	9.801	45186.3	3819.709
8.40	31451.1	93.52	9.795	45265.4	3821.942
8.45	31648.2	93.464	9.79	45344.7	3824.272
8.50	31845.5	93.409	9.785	45424.4	3826.505
8.55	32042.8	93.354	9.781	45504.2	3828.738
8.60	32240.3	93.299	9.777	45584.3	3831.068
8.65	32437.9	93.244	9.773	45664.4	3833.301
8.70	32635.6	93.19	9.769	45744.6	3835.534
8.75	32833.5	93.137	9.766	45824.8	3837.864
8.80	33031.5	93.083	9.763	45904.9	3840.097
8.85	33229.6	93.031	9.761	45984.9	3842.33
8.90	33427.8	92.978	9.759	46064.8	3844.66
8.95	33625.9	92.928	9.757	46140.7	3846.796
9.00	33824.3	92.872	9.756	46229.2	3849.223
9.05	34022.9	92.738	9.755	46506.4	3856.019
9.10	34221.6	92.674	9.754	46604.7	3858.641
9.15	34420.5	92.611	9.754	46703.6	3861.359
9.20	34619.5	92.548	9.754	46803	3864.078
9.25	34818.7	92.485	9.754	46902.9	3866.699
9.30	35018	92.422	9.754	47003.3	3869.417
9.35	35217.5	92.36	9.755	47104.1	3872.136
9.40	35417.1	92.299	9.756	47205.3	3874.854
9.45	35616.9	92.237	9.757	47306.8	3877.67
9.50	35816.8	92.176	9.759	47408.5	3880.388
9.55	36016.8	92.116	9.761	47510.6	3883.107
9.60	36217.1	92.056	9.763	47612.9	3885.825
9.65	36417.4	91.996	9.765	47715.2	3888.641
9.70	36618	91.938	9.768	47817.4	3891.359
9.75	36818.6	91.88	9.771	47919.4	3894.078
9.80	37019.5	91.822	9.774	48021.2	3896.796
9.85	37220.5	91.766	9.777	48122.4	3899.515
9.90	37421.6	91.711	9.781	48223.1	3902.233
9.95	37622.9	91.656	9.784	48323	3904.854
10.00	37824.3	91.603	9.788	48422.2	3907.573
10.05	38026	91.556	9.793	48536.8	3910.485
10.10	38227.8	91.498	9.797	48638.6	3913.204
10.15	38429.8	91.441	9.801	48741.8	3915.922
10.20	38632	91.385	9.806	48846.3	3918.641
10.25	38834.3	91.328	9.811	48952.1	3921.456
10.30	39036.7	91.272	9.817	49059.2	3924.272
10.35	39239.4	91.216	9.822	49167.5	3927.087
10.40	39442.1	91.161	9.828	49277.2	3930
10.45	39645	91.106	9.834	49387.8	3932.913
10.50	39848	91.051	9.84	49499.6	3935.825
10.55	40051.2	90.997	9.847	49610.6	3938.738
10.60	40254.4	90.945	9.854	49721	3941.65
10.65	40457.7	90.893	9.861	49832.9	3944.563
10.70	40661.2	90.841	9.868	49946.3	3947.476
10.75	40864.8	90.789	9.875	50061	3950.485
10.80	41068.6	90.738	9.883	50177.2	3953.592
10.85	41272.5	90.687	9.891	50294.7	3956.602
10.90	41476.5	90.636	9.899	50413.5	3959.709
10.95	41680.6	90.586	9.907	50533.6	3962.816
11.00	41884.9	90.553	9.915	50655	3965.922
11.05	42089.3	90.512	9.924	50652.4	3966.699
11.10	42293.8	90.471	9.933	50756.2	3969.515
11.15	42498.4	90.43	9.942	50862.6	3972.33
11.20	42703.2	90.389	9.951	50971.4	3975.243
11.25	42908.1	90.348	9.96	51082.7	3978.252
11.30	43113.1	90.307	9.97	51196.6	3981.262
11.35	43318.3	90.265	9.98	51313.1	3984.369
11.40	43523.7	90.224	9.989	51432.1	3987.476
11.45	43729.2	90.182	9.999	51553.7	3990.583
11.50	43934.8	90.14	10.01	51677.9	3993.883
11.55	44140.7	90.098	10.02	51805.2	3997.087
11.60	44346.7	90.056	10.031	51935.5	4000.485
11.65	44552.8	90.013	10.041	52068.2	4003.883
11.70	44759.1	89.971	10.052	52203.5	4007.282
11.75	44965.4	89.929	10.063	52341.4	4010.777
11.80	45172.1	89.886	10.074	52481.8	4014.369
11.85	45378.8	89.844	10.086	52624.7	4017.961
11.90	45585.7	89.802	10.097	52770.2	4021.553
11.95	45792.7	89.759	10.109	52918.2	4025.243
12.00	45999.9	89.84	10.12	53068.9	4029.029
12.05	46207.2	89.805	10.132	52831	4025.049
12.10	46414.6	89.771	10.145	52987.7	4029.029
12.15	46622.2	89.739	10.157	53143.5	4032.913
12.20	46829.9	89.707	10.169	53298.4	4036.796
12.25	47037.8	89.677	10.182	53452.4	4040.68
12.30	47245.9	89.647	10.195	53605.6	4044.466
12.35	47454.1	89.619	10.208	53758	4048.252
12.40	47662.5	89.592	10.22	53909.5	4052.039
12.45	47871	89.592	10.233	54060.2	4055.825
12.50	48079.7	89.566	10.247	54210	4059.515
12.55	48286.9	89.546	10.26	54279.8	4061.65
12.60	48495.8	89.522	10.273	54425.4	4065.34
12.65	48704.9	89.5	10.287	54569.6	4068.932
12.70	48914.1	89.478	10.3	54713.2	4072.524
12.75	49123.5	89.458	10.314	54856.1	4076.019
12.80	49333.1	89.439	10.327	54998.1	4079.515
12.85	49542.8	89.421	10.341	55139.3	4083.107
12.90	49752.7	89.404	10.355	55279.7	4086.505
12.95	49962.7	89.388	10.369	55419.3	4090
13.00	50172.9	89.373	10.383	55558.1	4093.398